0 0 0 0.000000 0.000000 0.000000
0 0 1 0.000000 0.000000 0.000000
0 0 2 0.000000 0.000000 0.000000
0 0 3 0.999983 0.999355 0.999985
0 0 4 0.999177 0.957256 0.993365
0 0 5 0.999984 0.999971 0.999542
0 0 6 0.999755 0.997691 0.999972
0 0 7 0.999969 0.997128 0.956807
0 0 8 0.999876 0.995568 0.995648
0 0 9 0.998535 0.993592 0.983337
0 0 10 0.000000 0.000000 0.000000
0 1 0 0.000000 0.000000 0.000000
0 1 1 0.000000 0.000000 0.000000
0 1 2 0.999997 0.999692 0.999978
0 1 3 0.993976 0.997722 0.997774
0 1 4 0.997347 0.999825 0.999688
0 1 5 0.998217 0.957090 0.995724
0 1 6 0.999614 0.953044 0.999045
0 1 7 0.957293 0.997553 0.999066
0 1 8 0.983374 0.991928 0.997592
0 1 9 0.993969 0.993809 0.983686
0 1 10 0.000000 0.000000 0.000000
0 2 0 0.000000 0.000000 0.000000
0 2 1 0.999981 0.999768 0.997710
0 2 2 0.999051 0.957280 0.957309
0 2 3 0.995691 0.995673 0.997684
0 2 4 0.999867 0.993749 0.999981
0 2 5 0.994849 0.957258 0.997689
0 2 6 0.993206 0.983374 0.999943
0 2 7 0.999260 0.994842 0.999045
0 2 8 0.983793 0.957226 0.998530
0 2 9 0.955651 0.983721 0.983686
0 2 10 0.000000 0.000000 0.000000
0 3 0 0.999994 0.999644 0.999926
0 3 1 0.999837 0.997752 0.999676
0 3 2 0.955688 0.999939 0.999746
0 3 3 0.992297 0.997542 0.999395
0 3 4 0.998297 0.999979 0.993948
0 3 5 0.982132 0.999489 0.989239
0 3 6 0.982187 0.999949 0.989280
0 3 7 0.983567 0.998626 0.983756
0 3 8 0.999828 0.994982 0.983706
0 3 9 0.999660 0.995723 0.998002
0 3 10 0.000000 0.000000 0.000000
0 4 0 0.999608 0.995726 0.999896
0 4 1 0.998968 1.000000 0.956890
0 4 2 0.999956 0.953040 0.999827
0 4 3 0.995714 0.983807 0.998578
0 4 4 0.994904 0.957226 0.993212
0 4 5 0.995612 0.999885 0.995723
0 4 6 0.994909 0.993886 0.955660
0 4 7 0.983149 0.982185 0.999609
0 4 8 0.952870 0.998144 0.981746
0 4 9 0.999080 0.955263 0.957056
0 4 10 0.000000 0.000000 0.000000
0 5 0 0.998723 0.993538 0.957315
0 5 1 0.999884 0.995570 0.999160
0 5 2 0.999983 0.999287 0.997801
0 5 3 0.998269 0.997499 0.997678
0 5 4 0.995619 0.993839 0.983750
0 5 5 0.999431 0.997744 0.993361
0 5 6 0.997551 0.999088 0.999030
0 5 7 0.979483 0.997629 0.983678
0 5 8 0.956649 0.996740 0.999528
0 5 9 0.979377 0.957029 0.979515
0 5 10 0.000000 0.000000 0.000000
0 6 0 0.999878 0.983766 0.993894
0 6 1 0.999994 0.999969 0.953040
0 6 2 0.952886 0.999916 0.999764
0 6 3 0.999991 0.957250 0.956859
0 6 4 0.983796 0.955263 0.957231
0 6 5 0.994804 0.956761 0.999600
0 6 6 0.993487 0.993813 0.999240
0 6 7 0.993503 0.992347 0.952993
0 6 8 0.956286 0.983381 0.989627
0 6 9 0.983422 0.993035 0.979074
0 6 10 0.000000 0.000000 0.000000
0 7 0 0.999397 0.957174 0.999771
0 7 1 0.999149 0.999987 0.998330
0 7 2 0.993323 0.983757 0.999097
0 7 3 0.957267 0.995397 0.999073
0 7 4 0.999387 0.994469 0.957217
0 7 5 0.983738 0.995687 0.997870
0 7 6 0.997704 0.999406 0.995624
0 7 7 0.999048 0.983708 0.983177
0 7 8 0.952574 0.982025 0.952839
0 7 9 0.995976 0.982014 0.995976
0 7 10 0.000000 0.000000 0.000000
0 8 0 0.995262 0.955692 0.957226
0 8 1 0.993425 0.999506 0.995268
0 8 2 0.999472 0.957305 0.999131
0 8 3 0.957237 0.957211 0.955270
0 8 4 0.999219 0.993751 0.999853
0 8 5 0.993069 0.989503 0.997699
0 8 6 0.989694 0.983195 0.997105
0 8 7 0.983550 0.979335 0.955492
0 8 8 0.952941 0.989234 0.952978
0 8 9 0.000000 0.000000 0.000000
0 8 10 0.000000 0.000000 0.000000
0 9 0 0.957077 0.999936 0.995630
0 9 1 0.998336 0.993850 0.956860
0 9 2 0.997588 0.993079 0.955695
0 9 3 0.983162 0.979468 0.997390
0 9 4 0.996135 0.983521 0.983694
0 9 5 0.998545 0.983732 0.983535
0 9 6 0.993165 0.997343 0.994475
0 9 7 0.995993 0.999488 0.982015
0 9 8 0.000000 0.000000 0.000000
0 9 9 0.000000 0.000000 0.000000
0 9 10 0.000000 0.000000 0.000000
0 10 0 0.000000 0.000000 0.000000
0 10 1 0.000000 0.000000 0.000000
0 10 2 0.000000 0.000000 0.000000
0 10 3 0.000000 0.000000 0.000000
0 10 4 0.000000 0.000000 0.000000
0 10 5 0.000000 0.000000 0.000000
0 10 6 0.000000 0.000000 0.000000
0 10 7 0.000000 0.000000 0.000000
0 10 8 0.000000 0.000000 0.000000
0 10 9 0.000000 0.000000 0.000000
0 10 10 0.000000 0.000000 0.000000
1 0 0 0.000000 0.000000 0.000000
1 0 1 0.000000 0.000000 0.000000
1 0 2 0.999876 0.999994 0.997751
1 0 3 0.997774 0.999859 0.993974
1 0 4 0.997611 0.999357 0.998268
1 0 5 0.999985 0.998372 0.999959
1 0 6 0.998373 0.957293 0.997708
1 0 7 0.993732 0.989702 0.999878
1 0 8 0.999167 0.999600 0.993916
1 0 9 0.993488 0.995670 0.953016
1 0 10 0.000000 0.000000 0.000000
1 1 0 0.000000 0.000000 0.000000
1 1 1 0.000000 0.000000 0.000000
1 1 2 1.497769 1.493961 1.499947
1 1 3 1.499905 1.391722 1.390676
1 1 4 1.499154 1.491712 1.499967
1 1 5 1.499863 1.499871 1.493959
1 1 6 1.390937 1.492226 1.483216
1 1 7 1.498800 1.497885 1.498752
1 1 8 1.390489 1.498554 1.492139
1 1 9 1.499254 1.496866 1.478373
1 1 10 0.000000 0.000000 0.000000
1 2 0 0.999983 0.999777 0.999397
1 2 1 1.499979 1.499895 1.499916
1 2 2 1.749612 1.499820 1.482208
1 2 3 1.870453 1.498784 1.499064
1 2 4 1.934963 1.491980 1.497855
1 2 5 1.943343 1.499873 1.392407
1 2 6 1.825737 1.488088 1.486539
1 2 7 1.989781 1.472625 1.488367
1 2 8 1.948465 1.483468 1.479421
1 2 9 1.892544 1.446465 1.498141
1 2 10 0.000000 0.000000 0.000000
1 3 0 0.999961 0.999933 0.983778
1 3 1 1.499570 1.489211 1.496172
1 3 2 1.873258 1.489094 1.498485
1 3 3 1.854842 1.499657 1.499230
1 3 4 1.932607 1.445928 1.497223
1 3 5 1.968444 1.479648 1.499689
1 3 6 1.971524 1.497818 1.496184
1 3 7 1.858872 1.456859 1.468999
1 3 8 1.962527 1.456624 1.496927
1 3 9 1.995008 1.382158 1.445545
1 3 10 0.000000 0.000000 0.000000
1 4 0 0.957316 0.957314 0.999974
1 4 1 1.499382 1.486102 1.489185
1 4 2 1.810903 1.497695 1.497941
1 4 3 1.966591 1.483694 1.479459
1 4 4 1.875772 1.496407 1.477951
1 4 5 1.972601 1.454211 1.499782
1 4 6 1.845613 1.491924 1.455407
1 4 7 1.977536 1.482657 1.499032
1 4 8 1.922312 1.493570 1.477472
1 4 9 1.978207 1.482940 1.498929
1 4 10 0.000000 0.000000 0.000000
1 5 0 0.999977 0.983195 0.993976
1 5 1 1.486065 1.479461 1.392375
1 5 2 1.963175 1.498734 1.499708
1 5 3 1.965577 1.499364 1.489303
1 5 4 1.988028 1.392522 1.499789
1 5 5 1.979423 1.374683 1.388541
1 5 6 1.987526 1.499295 1.494248
1 5 7 1.885229 1.480572 1.451040
1 5 8 1.977091 1.475218 1.486065
1 5 9 1.880838 1.480348 1.474820
1 5 10 0.000000 0.000000 0.000000
1 6 0 0.998340 0.995459 0.999104
1 6 1 1.471865 1.489118 1.499233
1 6 2 1.938448 1.499951 1.483244
1 6 3 1.884303 1.455082 1.496839
1 6 4 1.946170 1.487818 1.499002
1 6 5 1.984177 1.485345 1.497039
1 6 6 1.973055 1.497431 1.455536
1 6 7 1.873584 1.498064 1.472813
1 6 8 1.984248 1.498114 1.446254
1 6 9 1.937557 1.437145 1.434212
1 6 10 0.000000 0.000000 0.000000
1 7 0 0.998897 0.955694 0.989530
1 7 1 1.472612 1.379384 1.391361
1 7 2 1.979302 1.493633 1.499323
1 7 3 1.880183 1.497427 1.449418
1 7 4 1.989588 1.361796 1.381549
1 7 5 1.876006 1.498101 1.498037
1 7 6 1.866371 1.481796 1.472501
1 7 7 1.930951 1.479661 1.472911
1 7 8 1.973105 1.480065 1.452924
1 7 9 1.851688 1.375414 1.372543
1 7 10 0.000000 0.000000 0.000000
1 8 0 0.982192 0.999077 0.983567
1 8 1 1.488530 1.392585 1.499173
1 8 2 1.980296 1.496565 1.488518
1 8 3 1.974318 1.487163 1.488452
1 8 4 1.974289 1.491997 1.455865
1 8 5 1.862358 1.450741 1.492113
1 8 6 1.878427 1.456524 1.456177
1 8 7 1.863539 1.484637 1.372513
1 8 8 1.928381 1.456402 1.487226
1 8 9 0.000000 0.000000 0.000000
1 8 10 0.000000 0.000000 0.000000
1 9 0 0.998705 0.996738 0.989704
1 9 1 1.450739 1.456190 1.392397
1 9 2 1.966840 1.482946 1.387970
1 9 3 1.960029 1.490983 1.499151
1 9 4 1.981085 1.449517 1.490827
1 9 5 1.859590 1.489905 1.455592
1 9 6 1.874454 1.481479 1.448012
1 9 7 1.848980 1.471487 1.475439
1 9 8 0.000000 0.000000 0.000000
1 9 9 0.000000 0.000000 0.000000
1 9 10 0.000000 0.000000 0.000000
1 10 0 0.000000 0.000000 0.000000
1 10 1 0.000000 0.000000 0.000000
1 10 2 0.000000 0.000000 0.000000
1 10 3 0.000000 0.000000 0.000000
1 10 4 0.000000 0.000000 0.000000
1 10 5 0.000000 0.000000 0.000000
1 10 6 0.000000 0.000000 0.000000
1 10 7 0.000000 0.000000 0.000000
1 10 8 0.000000 0.000000 0.000000
1 10 9 0.000000 0.000000 0.000000
1 10 10 0.000000 0.000000 0.000000
2 0 0 0.000000 0.000000 0.000000
2 0 1 0.999994 0.999177 0.999692
2 0 2 0.995703 0.957288 0.999896
2 0 3 0.997501 0.999095 0.998340
2 0 4 0.999944 0.998331 0.998063
2 0 5 0.957244 0.957251 0.999150
2 0 6 0.993964 0.999752 0.993895
2 0 7 0.956836 0.994903 0.995664
2 0 8 0.999033 0.983741 0.956857
2 0 9 0.983028 0.996146 0.999614
2 0 10 0.000000 0.000000 0.000000
2 1 0 0.999663 0.999992 0.999934
2 1 1 1.499860 1.499829 1.499881
2 1 2 1.499964 1.749988 1.498002
2 1 3 1.497342 1.874557 1.495049
2 1 4 1.493527 1.917879 1.499969
2 1 5 1.468830 1.951817 1.494870
2 1 6 1.489029 1.982277 1.483452
2 1 7 1.455628 1.910026 1.497553
2 1 8 1.477055 1.977386 1.479998
2 1 9 1.488222 1.969648 1.390449
2 1 10 0.000000 0.000000 0.000000
2 2 0 0.998745 0.999974 0.957307
2 2 1 1.498944 1.495688 1.749791
2 2 2 1.478791 1.741314 1.483657
2 2 3 1.859573 1.929270 1.749652
2 2 4 1.912299 1.885703 1.749626
2 2 5 1.941453 1.964288 1.725897
2 2 6 1.934750 1.979360 1.748786
2 2 7 1.983755 1.718560 1.746324
2 2 8 1.963810 1.793827 1.742234
2 2 9 1.957131 1.971939 1.705784
2 2 10 0.000000 0.000000 0.000000
2 3 0 0.999924 0.999177 0.999988
2 3 1 1.497704 1.498874 1.832123
2 3 2 1.693827 1.725461 1.932977
2 3 3 1.699011 1.669121 1.961091
2 3 4 1.957886 1.939321 1.967205
2 3 5 1.977925 1.935930 1.882386
2 3 6 1.951486 1.809646 1.926448
2 3 7 1.968279 1.903416 1.953396
2 3 8 1.952651 1.945969 1.825972
2 3 9 1.982926 1.883794 1.955688
2 3 10 0.000000 0.000000 0.000000
2 4 0 0.992196 0.995261 0.999456
2 4 1 1.499283 1.455686 1.936572
2 4 2 1.929970 1.735781 1.935545
2 4 3 1.954785 1.976427 1.836479
2 4 4 1.978935 1.974973 1.983673
2 4 5 1.988729 1.993287 1.979547
2 4 6 1.724602 1.746816 1.680532
2 4 7 1.880193 1.989176 1.936081
2 4 8 1.879408 1.885184 1.964830
2 4 9 1.994264 1.961360 1.878404
2 4 10 0.000000 0.000000 0.000000
2 5 0 0.989692 0.993914 0.997561
2 5 1 1.483755 1.497285 1.911129
2 5 2 1.980013 1.748039 1.932646
2 5 3 1.946180 1.863149 1.918652
2 5 4 1.991149 1.828226 1.982629
2 5 5 1.735226 1.964260 1.893430
2 5 6 1.968223 1.983209 1.957905
2 5 7 1.748669 1.878722 1.827077
2 5 8 1.752568 1.697366 1.945742
2 5 9 1.862236 1.968124 1.987003
2 5 10 0.000000 0.000000 0.000000
2 6 0 0.995559 0.979501 0.999608
2 6 1 1.498483 1.496340 1.981929
2 6 2 1.979928 1.469664 1.983166
2 6 3 1.967088 1.950841 1.916964
2 6 4 1.991147 1.923371 1.743073
2 6 5 1.973518 1.953853 1.870839
2 6 6 1.926741 1.933720 1.810968
2 6 7 1.697133 1.865224 1.958456
2 6 8 1.687609 1.917175 1.886684
2 6 9 1.864971 1.966948 1.923334
2 6 10 0.000000 0.000000 0.000000
2 7 0 0.998894 0.956663 0.956857
2 7 1 1.495542 1.452522 1.985442
2 7 2 1.672458 1.507425 1.989737
2 7 3 1.951996 1.980943 1.695666
2 7 4 1.722388 1.744781 1.981820
2 7 5 1.676033 1.878146 1.969455
2 7 6 1.853324 1.798904 1.931063
2 7 7 1.852517 1.828833 1.987015
2 7 8 1.945518 1.671893 1.845422
2 7 9 1.855067 1.855327 1.849145
2 7 10 0.000000 0.000000 0.000000
2 8 0 0.983293 0.989279 0.979339
2 8 1 1.391773 1.496927 1.969044
2 8 2 1.870378 1.487826 1.702910
2 8 3 1.985299 1.936731 1.726072
2 8 4 1.918698 1.735402 1.672014
2 8 5 1.743768 1.947072 1.690441
2 8 6 1.862635 1.920679 1.896861
2 8 7 1.736921 1.896926 1.940317
2 8 8 1.691309 1.856915 1.662633
2 8 9 0.000000 0.000000 0.000000
2 8 10 0.000000 0.000000 0.000000
2 9 0 0.989657 0.994987 0.982089
2 9 1 1.483043 1.386876 1.974077
2 9 2 1.943443 1.735985 1.985499
2 9 3 1.993080 1.868739 1.944996
2 9 4 1.984016 1.962077 1.942831
2 9 5 1.992784 1.956765 1.836673
2 9 6 1.857990 1.820789 1.930010
2 9 7 1.843368 1.821356 1.853878
2 9 8 0.000000 0.000000 0.000000
2 9 9 0.000000 0.000000 0.000000
2 9 10 0.000000 0.000000 0.000000
2 10 0 0.000000 0.000000 0.000000
2 10 1 0.000000 0.000000 0.000000
2 10 2 0.000000 0.000000 0.000000
2 10 3 0.000000 0.000000 0.000000
2 10 4 0.000000 0.000000 0.000000
2 10 5 0.000000 0.000000 0.000000
2 10 6 0.000000 0.000000 0.000000
2 10 7 0.000000 0.000000 0.000000
2 10 8 0.000000 0.000000 0.000000
2 10 9 0.000000 0.000000 0.000000
2 10 10 0.000000 0.000000 0.000000
3 0 0 0.999733 1.000000 0.999916
3 0 1 0.999397 0.999954 0.999968
3 0 2 0.999638 0.992356 0.999664
3 0 3 0.999968 0.996141 0.998265
3 0 4 0.993496 0.995427 0.999693
3 0 5 0.997754 0.956858 0.957033
3 0 6 0.983777 0.997648 0.995428
3 0 7 0.957294 0.995001 0.957305
3 0 8 0.999346 0.957258 0.995606
3 0 9 0.953009 0.994748 0.997708
3 0 10 0.000000 0.000000 0.000000
3 1 0 0.999759 0.983808 0.999958
3 1 1 1.392065 1.489164 1.392632
3 1 2 1.499940 1.767119 1.455967
3 1 3 1.488825 1.873080 1.488306
3 1 4 1.498774 1.931923 1.392192
3 1 5 1.482195 1.968273 1.480997
3 1 6 1.499757 1.977664 1.494692
3 1 7 1.499641 1.984638 1.446056
3 1 8 1.487194 1.968653 1.493070
3 1 9 1.390593 1.975285 1.493256
3 1 10 0.000000 0.000000 0.000000
3 2 0 0.983581 0.998475 0.999893
3 2 1 1.392043 1.497751 1.874987
3 2 2 1.633323 1.931375 1.825688
3 2 3 1.967374 1.968007 1.948001
3 2 4 1.976435 1.963344 1.971664
3 2 5 1.942586 1.870409 1.988420
3 2 6 1.990513 1.979127 1.846911
3 2 7 1.970848 1.865382 1.967912
3 2 8 1.971077 1.973455 1.732868
3 2 9 1.994303 1.968194 1.975809
3 2 10 0.000000 0.000000 0.000000
3 3 0 0.995596 0.999465 0.993933
3 3 1 1.455611 1.497543 1.862838
3 3 2 1.864566 1.957415 1.950479
3 3 3 1.723776 1.956876 1.849991
3 3 4 1.986792 1.987181 1.853255
3 3 5 1.878645 1.981469 1.881947
3 3 6 1.702162 1.950685 1.989600
3 3 7 1.977214 1.883183 1.967457
3 3 8 1.695342 1.916280 1.957110
3 3 9 1.994913 1.968902 1.874244
3 3 10 0.000000 0.000000 0.000000
3 4 0 0.998574 0.999972 0.992335
3 4 1 1.483106 1.482626 1.924024
3 4 2 1.964212 1.957456 1.965400
3 4 3 1.990521 1.989715 1.987036
3 4 4 1.862935 1.725924 1.970129
3 4 5 1.884292 1.989069 1.870230
3 4 6 1.989622 1.840375 1.971167
3 4 7 1.978485 1.978126 1.843199
3 4 8 1.865016 1.697087 1.964931
3 4 9 1.986147 1.985580 1.985933
3 4 10 0.000000 0.000000 0.000000
3 5 0 0.999646 0.995619 0.999506
3 5 1 1.483506 1.498883 1.964797
3 5 2 1.987451 1.987093 1.743263
3 5 3 1.874338 1.991199 1.991317
3 5 4 1.975761 1.978349 1.996539
3 5 5 1.950690 1.989710 1.980023
3 5 6 1.987790 1.741855 1.955108
3 5 7 1.884606 1.723308 1.737141
3 5 8 1.942427 1.669151 1.728213
3 5 9 1.963018 1.849328 1.940907
3 5 10 0.000000 0.000000 0.000000
3 6 0 0.998227 0.997767 0.993687
3 6 1 1.380898 1.390477 1.865263
3 6 2 1.748608 1.855936 1.749108
3 6 3 1.884464 1.978150 1.741664
3 6 4 1.982174 1.932913 1.949693
3 6 5 1.954363 1.968564 1.983376
3 6 6 1.678999 1.738037 1.747045
3 6 7 1.875356 1.722362 1.946289
3 6 8 1.948606 1.724820 1.986946
3 6 9 1.878591 1.941634 1.936551
3 6 10 0.000000 0.000000 0.000000
3 7 0 0.979505 0.983758 0.999907
3 7 1 1.481579 1.449485 1.879506
3 7 2 1.975091 1.938188 1.953076
3 7 3 1.974413 1.830772 1.985186
3 7 4 1.945237 1.883882 1.974889
3 7 5 1.960940 1.850704 1.933139
3 7 6 1.745492 1.967496 1.828823
3 7 7 1.872669 1.826878 1.827013
3 7 8 1.831662 1.905431 1.712704
3 7 9 1.954686 1.831676 1.964764
3 7 10 0.000000 0.000000 0.000000
3 8 0 0.982781 0.999659 0.993880
3 8 1 1.499293 1.477008 1.991276
3 8 2 1.956750 1.856368 1.975126
3 8 3 1.918687 1.988614 1.945451
3 8 4 1.881259 1.990071 1.939296
3 8 5 1.744421 1.944964 1.699154
3 8 6 1.881150 1.921065 1.883752
3 8 7 1.672657 1.716226 1.706597
3 8 8 1.899229 1.681494 1.658750
3 8 9 0.000000 0.000000 0.000000
3 8 10 0.000000 0.000000 0.000000
3 9 0 0.997490 0.997491 0.997601
3 9 1 1.381010 1.385659 1.993121
3 9 2 1.988792 1.980067 1.936728
3 9 3 1.947643 1.967950 1.993946
3 9 4 1.942011 1.888623 1.965863
3 9 5 1.988372 1.973511 1.932645
3 9 6 1.974610 1.982774 1.926041
3 9 7 1.975443 1.849083 1.833857
3 9 8 0.000000 0.000000 0.000000
3 9 9 0.000000 0.000000 0.000000
3 9 10 0.000000 0.000000 0.000000
3 10 0 0.000000 0.000000 0.000000
3 10 1 0.000000 0.000000 0.000000
3 10 2 0.000000 0.000000 0.000000
3 10 3 0.000000 0.000000 0.000000
3 10 4 0.000000 0.000000 0.000000
3 10 5 0.000000 0.000000 0.000000
3 10 6 0.000000 0.000000 0.000000
3 10 7 0.000000 0.000000 0.000000
3 10 8 0.000000 0.000000 0.000000
3 10 9 0.000000 0.000000 0.000000
3 10 10 0.000000 0.000000 0.000000
4 0 0 0.999177 0.957306 0.957234
4 0 1 0.999984 0.999934 0.999953
4 0 2 0.999571 0.957144 0.993873
4 0 3 0.995726 0.999983 0.999621
4 0 4 0.993959 0.998859 0.957226
4 0 5 0.998528 0.999928 0.999090
4 0 6 0.983802 0.998576 0.999568
4 0 7 0.983771 0.996139 0.956611
4 0 8 0.952983 0.981746 0.993971
4 0 9 0.992185 0.995712 0.993832
4 0 10 0.000000 0.000000 0.000000
4 1 0 0.999842 0.993503 0.957316
4 1 1 1.391748 1.456627 1.488815
4 1 2 1.482192 1.937335 1.499462
4 1 3 1.473020 1.966860 1.497990
4 1 4 1.499341 1.966367 1.481781
4 1 5 1.455096 1.986735 1.485795
4 1 6 1.488282 1.994565 1.390436
4 1 7 1.497478 1.982724 1.488560
4 1 8 1.457191 1.995275 1.391554
4 1 9 1.454887 1.875924 1.485470
4 1 10 0.000000 0.000000 0.000000
4 2 0 0.983338 0.957278 0.999175
4 2 1 1.499936 1.391975 1.873186
4 2 2 1.707178 1.819600 1.934278
4 2 3 1.977699 1.949621 1.964841
4 2 4 1.975240 1.729783 1.938986
4 2 5 1.902042 1.884204 1.975972
4 2 6 1.982373 1.914846 1.976213
4 2 7 1.863905 1.746193 1.921916
4 2 8 1.996400 1.699399 1.969913
4 2 9 1.934217 1.928313 1.976987
4 2 10 0.000000 0.000000 0.000000
4 3 0 0.999567 0.997874 0.992352
4 3 1 1.496916 1.499125 1.949246
4 3 2 1.977173 1.851577 1.983296
4 3 3 1.958814 1.962574 1.943150
4 3 4 1.985596 1.985978 1.747767
4 3 5 1.866466 1.971178 1.744989
4 3 6 1.989929 1.753167 1.967545
4 3 7 1.944034 1.862529 1.966906
4 3 8 1.746814 1.884101 1.954166
4 3 9 1.976682 1.863343 1.990637
4 3 10 0.000000 0.000000 0.000000
4 4 0 0.957305 0.993880 0.993854
4 4 1 1.448337 1.498414 1.981892
4 4 2 1.688092 1.977177 1.963910
4 4 3 1.990821 1.964437 1.991869
4 4 4 1.953683 1.988904 1.983552
4 4 5 1.841306 1.993933 1.992318
4 4 6 1.942405 1.987819 1.979184
4 4 7 1.886765 1.869785 1.870598
4 4 8 1.752977 1.730980 1.740965
4 4 9 1.925976 1.927965 1.988878
4 4 10 0.000000 0.000000 0.000000
4 5 0 0.997699 0.999376 0.995729
4 5 1 1.392624 1.498027 1.981436
4 5 2 1.987247 1.724542 1.994208
4 5 3 1.986529 1.991011 1.738664
4 5 4 1.997039 1.882540 1.953247
4 5 5 1.886562 1.979201 1.990808
4 5 6 1.987837 1.947256 1.945198
4 5 7 1.979147 1.946982 1.713782
4 5 8 1.926303 1.706246 1.975485
4 5 9 1.851895 1.977142 1.974209
4 5 10 0.000000 0.000000 0.000000
4 6 0 0.992945 0.997684 0.998913
4 6 1 1.496908 1.495592 1.985201
4 6 2 1.965483 1.895319 1.971330
4 6 3 1.850565 1.944137 1.888360
4 6 4 1.952340 1.966959 1.967736
4 6 5 1.859642 1.970207 1.979010
4 6 6 1.933927 1.938933 1.937730
4 6 7 1.927512 1.716138 1.931400
4 6 8 1.916440 1.920335 1.849584
4 6 9 1.858277 1.841948 1.970702
4 6 10 0.000000 0.000000 0.000000
4 7 0 0.999958 0.993338 0.956836
4 7 1 1.494005 1.483401 1.994297
4 7 2 1.677344 1.988876 1.972371
4 7 3 1.876633 1.945845 1.724079
4 7 4 1.722629 1.929295 1.881603
4 7 5 1.950270 1.750278 1.986367
4 7 6 1.979726 1.853508 1.864987
4 7 7 1.705723 1.707478 1.877764
4 7 8 1.738547 1.979780 1.719228
4 7 9 1.846367 1.857987 1.874573
4 7 10 0.000000 0.000000 0.000000
4 8 0 0.993482 0.997589 0.955675
4 8 1 1.384887 1.488467 1.882133
4 8 2 1.976902 1.730056 1.749655
4 8 3 1.741751 1.975099 1.964243
4 8 4 1.742584 1.994266 1.946592
4 8 5 1.989048 1.730702 1.967361
4 8 6 1.882302 1.939748 1.667398
4 8 7 1.842341 1.971775 1.814881
4 8 8 1.668638 1.936994 1.914474
4 8 9 0.000000 0.000000 0.000000
4 8 10 0.000000 0.000000 0.000000
4 9 0 0.983185 0.979477 0.956670
4 9 1 1.485499 1.492630 1.879429
4 9 2 1.967842 1.943584 1.981774
4 9 3 1.984062 1.882212 1.885700
4 9 4 1.961419 1.878315 1.971901
4 9 5 1.961505 1.982695 1.854153
4 9 6 1.875297 1.971061 1.878840
4 9 7 1.868406 1.854924 1.858701
4 9 8 0.000000 0.000000 0.000000
4 9 9 0.000000 0.000000 0.000000
4 9 10 0.000000 0.000000 0.000000
4 10 0 0.000000 0.000000 0.000000
4 10 1 0.000000 0.000000 0.000000
4 10 2 0.000000 0.000000 0.000000
4 10 3 0.000000 0.000000 0.000000
4 10 4 0.000000 0.000000 0.000000
4 10 5 0.000000 0.000000 0.000000
4 10 6 0.000000 0.000000 0.000000
4 10 7 0.000000 0.000000 0.000000
4 10 8 0.000000 0.000000 0.000000
4 10 9 0.000000 0.000000 0.000000
4 10 10 0.000000 0.000000 0.000000
5 0 0 0.957072 0.957085 0.999332
5 0 1 0.999827 0.999997 0.993336
5 0 2 0.999874 0.957150 0.993965
5 0 3 0.997718 0.999942 0.999883
5 0 4 0.993371 0.979525 0.996741
5 0 5 0.999665 0.957299 0.999676
5 0 6 0.999929 0.997561 0.993497
5 0 7 0.989689 0.999870 0.983736
5 0 8 0.952578 0.981987 0.999278
5 0 9 0.955682 0.956624 0.983383
5 0 10 0.000000 0.000000 0.000000
5 1 0 0.999733 0.999821 0.999902
5 1 1 1.499436 1.499792 1.483309
5 1 2 1.499462 1.938824 1.392708
5 1 3 1.392619 1.965201 1.498510
5 1 4 1.452825 1.975748 1.496005
5 1 5 1.449400 1.987201 1.456283
5 1 6 1.498077 1.937676 1.383766
5 1 7 1.497735 1.995485 1.480658
5 1 8 1.385265 1.976300 1.479842
5 1 9 1.494397 1.886154 1.492582
5 1 10 0.000000 0.000000 0.000000
5 2 0 0.994910 0.996155 0.999559
5 2 1 1.488277 1.494507 1.966411
5 2 2 1.496079 1.978334 1.979942
5 2 3 1.950550 1.738508 1.980302
5 2 4 1.943500 1.932739 1.659588
5 2 5 1.991908 1.743163 1.755218
5 2 6 1.976739 1.987034 1.972954
5 2 7 1.962164 1.978754 1.889655
5 2 8 1.738003 1.991077 1.907427
5 2 9 1.951939 1.873780 1.819735
5 2 10 0.000000 0.000000 0.000000
5 3 0 0.995687 0.999782 0.995604
5 3 1 1.499597 1.388278 1.855081
5 3 2 1.984276 1.979520 1.980655
5 3 3 1.965353 1.975046 1.864703
5 3 4 1.666877 1.992744 1.984244
5 3 5 1.972379 1.972914 1.859434
5 3 6 1.979807 1.989698 1.952003
5 3 7 1.991947 1.974564 1.884670
5 3 8 1.850501 1.681344 1.867951
5 3 9 1.939463 1.987728 1.869967
5 3 10 0.000000 0.000000 0.000000
5 4 0 0.957221 0.999963 0.999377
5 4 1 1.472259 1.499438 1.987112
5 4 2 1.886143 1.943483 1.944755
5 4 3 1.995607 1.991019 1.990319
5 4 4 1.996390 1.939383 1.741885
5 4 5 1.995821 1.972122 1.754526
5 4 6 1.947354 1.951911 1.737251
5 4 7 1.705100 1.946830 1.748745
5 4 8 1.730487 1.726436 1.726623
5 4 9 1.829008 1.849028 1.951907
5 4 10 0.000000 0.000000 0.000000
5 5 0 0.983038 0.993466 0.999917
5 5 1 1.498503 1.495666 1.974044
5 5 2 1.941519 1.980907 1.988510
5 5 3 1.991171 1.942240 1.977737
5 5 4 1.967080 1.747329 1.985535
5 5 5 1.915466 1.934807 1.979688
5 5 6 1.962349 1.940229 1.962353
5 5 7 1.744915 1.924784 1.730751
5 5 8 1.696922 1.835204 1.970427
5 5 9 1.844807 1.848871 1.866524
5 5 10 0.000000 0.000000 0.000000
5 6 0 0.999029 0.993692 0.983804
5 6 1 1.454313 1.392592 1.985235
5 6 2 1.745310 1.990487 1.975457
5 6 3 1.838705 1.977833 1.977805
5 6 4 1.989523 1.726715 1.953423
5 6 5 1.994479 1.938834 1.945413
5 6 6 1.944169 1.883917 1.942027
5 6 7 1.747509 1.699165 1.874841
5 6 8 1.659823 1.688873 1.957716
5 6 9 1.950368 1.958427 1.862159
5 6 10 0.000000 0.000000 0.000000
5 7 0 0.999565 0.983166 0.993035
5 7 1 1.496019 1.491763 1.987143
5 7 2 1.977739 1.701238 1.841718
5 7 3 1.971850 1.948749 1.875118
5 7 4 1.882308 1.985189 1.737159
5 7 5 1.971742 1.748394 1.979146
5 7 6 1.724278 1.926958 1.834277
5 7 7 1.863552 1.838105 1.706863
5 7 8 1.845824 1.711017 1.718421
5 7 9 1.836507 1.847859 1.875508
5 7 10 0.000000 0.000000 0.000000
5 8 0 0.994442 0.999500 0.955228
5 8 1 1.480048 1.437142 1.976663
5 8 2 1.932722 1.909545 1.993753
5 8 3 1.745796 1.963738 1.721951
5 8 4 1.933654 1.747892 1.926117
5 8 5 1.925890 1.949801 1.944944
5 8 6 1.740012 1.723976 1.672537
5 8 7 1.675823 1.913937 1.743099
5 8 8 1.900087 1.669805 1.671897
5 8 9 0.000000 0.000000 0.000000
5 8 10 0.000000 0.000000 0.000000
5 9 0 0.982190 0.957088 0.952844
5 9 1 1.360736 1.443213 1.933572
5 9 2 1.923667 1.923721 1.966984
5 9 3 1.929157 1.929122 1.933140
5 9 4 1.937251 1.936433 1.931401
5 9 5 1.970419 1.931985 1.845636
5 9 6 1.920004 1.862045 1.940499
5 9 7 1.840489 1.852185 1.848992
5 9 8 0.000000 0.000000 0.000000
5 9 9 0.000000 0.000000 0.000000
5 9 10 0.000000 0.000000 0.000000
5 10 0 0.000000 0.000000 0.000000
5 10 1 0.000000 0.000000 0.000000
5 10 2 0.000000 0.000000 0.000000
5 10 3 0.000000 0.000000 0.000000
5 10 4 0.000000 0.000000 0.000000
5 10 5 0.000000 0.000000 0.000000
5 10 6 0.000000 0.000000 0.000000
5 10 7 0.000000 0.000000 0.000000
5 10 8 0.000000 0.000000 0.000000
5 10 9 0.000000 0.000000 0.000000
5 10 10 0.000000 0.000000 0.000000
6 0 0 0.999415 0.956708 0.999502
6 0 1 0.999857 0.999697 0.999785
6 0 2 0.999914 0.999046 0.999807
6 0 3 0.994478 0.983563 0.993911
6 0 4 0.957154 0.979074 0.955683
6 0 5 0.957127 0.999497 0.998749
6 0 6 0.995554 0.997519 0.995596
6 0 7 0.955531 0.956506 0.993971
6 0 8 0.956505 0.957026 0.998103
6 0 9 0.952615 0.979070 0.955593
6 0 10 0.000000 0.000000 0.000000
6 1 0 0.997646 0.957286 0.999666
6 1 1 1.497531 1.392457 1.457229
6 1 2 1.497260 1.970360 1.495574
6 1 3 1.481573 1.977380 1.390529
6 1 4 1.498211 1.988751 1.499066
6 1 5 1.491935 1.987391 1.483207
6 1 6 1.390678 1.992909 1.495296
6 1 7 1.489179 1.974082 1.391753
6 1 8 1.475124 1.947814 1.448387
6 1 9 1.441621 1.939838 1.434212
6 1 10 0.000000 0.000000 0.000000
6 2 0 0.999876 0.957287 0.999837
6 2 1 1.481861 1.499647 1.969534
6 2 2 1.503743 1.902708 1.948835
6 2 3 1.748324 1.988113 1.966042
6 2 4 1.865637 1.948574 1.883645
6 2 5 1.965342 1.970649 1.754726
6 2 6 1.898687 1.742713 1.953920
6 2 7 1.920863 1.911160 1.741537
6 2 8 1.735570 1.926276 1.930395
6 2 9 1.859595 1.932088 1.835565
6 2 10 0.000000 0.000000 0.000000
6 3 0 0.998415 0.989688 0.998929
6 3 1 1.453896 1.498966 1.987420
6 3 2 1.984088 1.992626 1.936632
6 3 3 1.931864 1.721903 1.863869
6 3 4 1.944634 1.996677 1.997987
6 3 5 1.995379 1.990513 1.948043
6 3 6 1.946979 1.992284 1.939566
6 3 7 1.942003 1.868545 1.886605
6 3 8 1.660942 1.935359 1.904765
6 3 9 1.915774 1.872326 1.843913
6 3 10 0.000000 0.000000 0.000000
6 4 0 0.999515 0.997491 0.998040
6 4 1 1.499326 1.497849 1.980731
6 4 2 1.732053 1.985950 1.974085
6 4 3 1.941109 1.981320 1.989733
6 4 4 1.963735 1.966360 1.990092
6 4 5 1.961930 1.966334 1.985404
6 4 6 1.745344 1.879369 1.977135
6 4 7 1.692984 1.725679 1.668596
6 4 8 1.733963 1.975086 1.976367
6 4 9 1.863202 1.846549 1.850937
6 4 10 0.000000 0.000000 0.000000
6 5 0 0.982740 0.993693 0.999414
6 5 1 1.488398 1.499633 1.974855
6 5 2 1.941908 1.885022 1.941972
6 5 3 1.973353 1.944470 1.995094
6 5 4 1.981194 1.988478 1.994678
6 5 5 1.687562 1.858012 1.888050
6 5 6 1.861343 1.984561 1.863023
6 5 7 1.717721 1.718864 1.848882
6 5 8 1.900110 1.934060 1.960299
6 5 9 1.918216 1.846213 1.863988
6 5 10 0.000000 0.000000 0.000000
6 6 0 0.999798 0.952615 0.957046
6 6 1 1.390530 1.492653 1.993826
6 6 2 1.678242 1.976984 1.884229
6 6 3 1.990222 1.944516 1.925600
6 6 4 1.959928 1.980294 1.844583
6 6 5 1.854245 1.737095 1.935886
6 6 6 1.941212 1.977629 1.844064
6 6 7 1.680637 1.727996 1.909584
6 6 8 1.839836 1.655399 1.664223
6 6 9 1.839723 1.922353 1.930198
6 6 10 0.000000 0.000000 0.000000
6 7 0 0.996091 0.956648 0.957042
6 7 1 1.494064 1.498160 1.986196
6 7 2 1.720967 1.854383 1.973746
6 7 3 1.958812 1.979180 1.977637
6 7 4 1.687056 1.902341 1.876559
6 7 5 1.962702 1.848549 1.955947
6 7 6 1.927965 1.921652 1.689573
6 7 7 1.847119 1.836877 1.948461
6 7 8 1.663307 1.859070 1.730402
6 7 9 1.827150 1.829476 1.850661
6 7 10 0.000000 0.000000 0.000000
6 8 0 0.953040 0.952578 0.952616
6 8 1 1.485157 1.436716 1.938935
6 8 2 1.970155 1.833741 1.922376
6 8 3 1.970403 1.940183 1.971913
6 8 4 1.979468 1.711780 1.943696
6 8 5 1.833114 1.857337 1.937140
6 8 6 1.712902 1.852381 1.840408
6 8 7 1.701200 1.858223 1.653933
6 8 8 1.922888 1.657848 1.668857
6 8 9 0.000000 0.000000 0.000000
6 8 10 0.000000 0.000000 0.000000
6 9 0 0.979515 0.997087 0.956241
6 9 1 1.387651 1.379969 1.888084
6 9 2 1.857293 1.847768 1.847386
6 9 3 1.858250 1.858451 1.878113
6 9 4 1.915113 1.848275 1.931056
6 9 5 1.841979 1.849441 1.866019
6 9 6 1.937927 1.936918 1.839265
6 9 7 1.841195 1.845307 1.831274
6 9 8 0.000000 0.000000 0.000000
6 9 9 0.000000 0.000000 0.000000
6 9 10 0.000000 0.000000 0.000000
6 10 0 0.000000 0.000000 0.000000
6 10 1 0.000000 0.000000 0.000000
6 10 2 0.000000 0.000000 0.000000
6 10 3 0.000000 0.000000 0.000000
6 10 4 0.000000 0.000000 0.000000
6 10 5 0.000000 0.000000 0.000000
6 10 6 0.000000 0.000000 0.000000
6 10 7 0.000000 0.000000 0.000000
6 10 8 0.000000 0.000000 0.000000
6 10 9 0.000000 0.000000 0.000000
6 10 10 0.000000 0.000000 0.000000
7 0 0 0.999018 0.999563 0.999142
7 0 1 0.999388 0.999415 0.993885
7 0 2 0.993538 0.956878 0.997747
7 0 3 0.994998 0.995678 0.999463
7 0 4 0.989530 0.993872 0.997532
7 0 5 0.993528 0.957180 0.957120
7 0 6 0.953010 0.993437 0.993810
7 0 7 0.982188 0.957030 0.993311
7 0 8 0.979113 0.956801 0.983005
7 0 9 0.982015 0.982155 0.982153
7 0 10 0.000000 0.000000 0.000000
7 1 0 0.996745 0.993878 0.997172
7 1 1 1.391831 1.392575 1.497460
7 1 2 1.499022 1.988326 1.483943
7 1 3 1.455263 1.958804 1.435119
7 1 4 1.497288 1.986697 1.496193
7 1 5 1.498306 1.855065 1.485662
7 1 6 1.478275 1.964205 1.385026
7 1 7 1.361981 1.968960 1.384592
7 1 8 1.386599 1.860792 1.371063
7 1 9 1.467423 1.968537 1.375829
7 1 10 0.000000 0.000000 0.000000
7 2 0 0.983379 0.993351 0.979366
7 2 1 1.499422 1.496498 1.982032
7 2 2 1.744890 1.835083 1.737636
7 2 3 1.743631 1.923213 1.991975
7 2 4 1.957141 1.697514 1.750579
7 2 5 1.754626 1.886243 1.985335
7 2 6 1.712542 1.975699 1.968672
7 2 7 1.838936 1.853033 1.854719
7 2 8 1.683823 1.937919 1.669029
7 2 9 1.833924 1.860029 1.847021
7 2 10 0.000000 0.000000 0.000000
7 3 0 0.999894 0.955696 0.983385
7 3 1 1.391315 1.497517 1.956796
7 3 2 1.991876 1.976771 1.962882
7 3 3 1.914146 1.971320 1.708158
7 3 4 1.870391 1.977869 1.984510
7 3 5 1.841434 1.992325 1.869340
7 3 6 1.824828 1.913983 1.858846
7 3 7 1.862393 1.968234 1.936854
7 3 8 1.663354 1.933371 1.711453
7 3 9 1.830214 1.872107 1.878628
7 3 10 0.000000 0.000000 0.000000
7 4 0 0.952971 0.999373 0.993282
7 4 1 1.498695 1.495974 1.978419
7 4 2 1.672366 1.981869 1.840670
7 4 3 1.679860 1.964456 1.982603
7 4 4 1.872124 1.745760 1.865773
7 4 5 1.938297 1.694892 1.990108
7 4 6 1.863969 1.681188 1.727498
7 4 7 1.950548 1.948962 1.848363
7 4 8 1.890635 1.689566 1.687316
7 4 9 1.833884 1.858999 1.849952
7 4 10 0.000000 0.000000 0.000000
7 5 0 0.997167 0.979479 0.957024
7 5 1 1.490362 1.487654 1.882760
7 5 2 1.992887 1.993693 1.990773
7 5 3 1.963511 1.745373 1.749382
7 5 4 1.985624 1.844812 1.972607
7 5 5 1.920825 1.941235 1.918471
7 5 6 1.836775 1.715166 1.673497
7 5 7 1.828085 1.721469 1.943662
7 5 8 1.729314 1.734041 1.665271
7 5 9 1.858839 1.844213 1.840777
7 5 10 0.000000 0.000000 0.000000
7 6 0 0.956700 0.992346 0.997352
7 6 1 1.497641 1.380659 1.947536
7 6 2 1.910777 1.985209 1.978276
7 6 3 1.856005 1.732671 1.878118
7 6 4 1.949653 1.981897 1.726088
7 6 5 1.961522 1.684093 1.745387
7 6 6 1.854289 1.715173 1.831933
7 6 7 1.695200 1.843282 1.860798
7 6 8 1.642080 1.656110 1.690725
7 6 9 1.831778 1.842971 1.840602
7 6 10 0.000000 0.000000 0.000000
7 7 0 0.952577 0.997500 0.994468
7 7 1 1.391694 1.357338 1.988065
7 7 2 1.722062 1.949826 1.985390
7 7 3 1.980965 1.739033 1.731442
7 7 4 1.937960 1.861644 1.728734
7 7 5 1.714463 1.958952 1.860649
7 7 6 1.821022 1.712798 1.948738
7 7 7 1.709093 1.684094 1.679949
7 7 8 1.645351 1.659273 1.709912
7 7 9 1.831743 1.841289 1.846243
7 7 10 0.000000 0.000000 0.000000
7 8 0 0.993338 0.957025 0.982765
7 8 1 1.442918 1.380811 1.938522
7 8 2 1.923567 1.677250 1.941123
7 8 3 1.664631 1.676083 1.699789
7 8 4 1.680230 1.685597 1.739061
7 8 5 1.706206 1.695845 1.653900
7 8 6 1.712935 1.664229 1.816423
7 8 7 1.676616 1.700158 1.819140
7 8 8 1.645920 1.653713 1.656389
7 8 9 0.000000 0.000000 0.000000
7 8 10 0.000000 0.000000 0.000000
7 9 0 0.995992 0.982014 0.982014
7 9 1 1.357104 1.483428 1.874503
7 9 2 1.959003 1.986481 1.956846
7 9 3 1.939445 1.956611 1.878456
7 9 4 1.970495 1.829684 1.847287
7 9 5 1.831885 1.848991 1.853750
7 9 6 1.838480 1.848138 1.841764
7 9 7 1.844887 1.849289 1.841156
7 9 8 0.000000 0.000000 0.000000
7 9 9 0.000000 0.000000 0.000000
7 9 10 0.000000 0.000000 0.000000
7 10 0 0.000000 0.000000 0.000000
7 10 1 0.000000 0.000000 0.000000
7 10 2 0.000000 0.000000 0.000000
7 10 3 0.000000 0.000000 0.000000
7 10 4 0.000000 0.000000 0.000000
7 10 5 0.000000 0.000000 0.000000
7 10 6 0.000000 0.000000 0.000000
7 10 7 0.000000 0.000000 0.000000
7 10 8 0.000000 0.000000 0.000000
7 10 9 0.000000 0.000000 0.000000
7 10 10 0.000000 0.000000 0.000000
8 0 0 0.957310 0.998893 0.993899
8 0 1 0.997551 0.999748 0.983645
8 0 2 0.999127 0.999035 0.983368
8 0 3 0.999160 0.983665 0.983669
8 0 4 0.982129 0.999254 0.993900
8 0 5 0.992149 0.982090 0.993842
8 0 6 0.956651 0.952941 0.956659
8 0 7 0.952984 0.979074 0.993310
8 0 8 0.989271 0.952993 0.956244
8 0 9 0.000000 0.000000 0.000000
8 0 10 0.000000 0.000000 0.000000
8 1 0 0.995416 0.993829 0.999857
8 1 1 1.486817 1.387632 1.499288
8 1 2 1.390884 1.971451 1.495813
8 1 3 1.492434 1.951479 1.496430
8 1 4 1.384389 1.994865 1.469911
8 1 5 1.490609 1.932667 1.378004
8 1 6 1.442877 1.919761 1.490789
8 1 7 1.481381 1.846172 1.383418
8 1 8 1.450598 1.902544 1.443716
8 1 9 0.000000 0.000000 0.000000
8 1 10 0.000000 0.000000 0.000000
8 2 0 0.993206 0.957309 0.997273
8 2 1 1.386636 1.385710 1.993409
8 2 2 1.745765 1.935415 1.932504
8 2 3 1.894732 1.903201 1.984352
8 2 4 1.892194 1.917957 1.672819
8 2 5 1.729402 1.743542 1.912476
8 2 6 1.678716 1.753332 1.717756
8 2 7 1.657390 1.856445 1.661863
8 2 8 1.678916 1.716000 1.934180
8 2 9 0.000000 0.000000 0.000000
8 2 10 0.000000 0.000000 0.000000
8 3 0 0.993780 0.994998 0.999469
8 3 1 1.390151 1.390114 1.879468
8 3 2 1.852327 1.957151 1.888394
8 3 3 1.981124 1.723031 1.940330
8 3 4 1.702244 1.945281 1.966991
8 3 5 1.949766 1.673658 1.920757
8 3 6 1.722302 1.968045 1.658865
8 3 7 1.707070 1.668028 1.926682
8 3 8 1.664969 1.652609 1.666274
8 3 9 0.000000 0.000000 0.000000
8 3 10 0.000000 0.000000 0.000000
8 4 0 0.994847 0.997106 0.983158
8 4 1 1.488071 1.454716 1.990977
8 4 2 1.945330 1.938959 1.871800
8 4 3 1.919402 1.993340 1.973984
8 4 4 1.717892 1.954281 1.979168
8 4 5 1.935780 1.918427 1.826224
8 4 6 1.745604 1.857916 1.916760
8 4 7 1.694903 1.691094 1.835401
8 4 8 1.705067 1.913776 1.670864
8 4 9 0.000000 0.000000 0.000000
8 4 10 0.000000 0.000000 0.000000
8 5 0 0.998849 0.994748 0.995655
8 5 1 1.495505 1.449686 1.934946
8 5 2 1.965045 1.707042 1.946602
8 5 3 1.741857 1.943139 1.930184
8 5 4 1.980960 1.676103 1.743000
8 5 5 1.675743 1.946503 1.904660
8 5 6 1.733001 1.703143 1.939818
8 5 7 1.711348 1.658304 1.808978
8 5 8 1.656215 1.661569 1.660807
8 5 9 0.000000 0.000000 0.000000
8 5 10 0.000000 0.000000 0.000000
8 6 0 0.957281 0.999121 0.998530
8 6 1 1.391329 1.483157 1.939736
8 6 2 1.744310 1.749618 1.995496
8 6 3 1.672056 1.966177 1.950980
8 6 4 1.936882 1.922791 1.858709
8 6 5 1.707495 1.908980 1.661191
8 6 6 1.861474 1.953057 1.725920
8 6 7 1.824310 1.658969 1.828336
8 6 8 1.687552 1.671042 1.661644
8 6 9 0.000000 0.000000 0.000000
8 6 10 0.000000 0.000000 0.000000
8 7 0 0.981724 0.952578 0.981722
8 7 1 1.386082 1.452465 1.975385
8 7 2 1.829189 1.834055 1.867304
8 7 3 1.741336 1.832217 1.712062
8 7 4 1.717983 1.664614 1.853654
8 7 5 1.868464 1.965610 1.713187
8 7 6 1.924640 1.843487 1.699675
8 7 7 1.831568 1.663643 1.657844
8 7 8 1.651973 1.648339 1.652426
8 7 9 0.000000 0.000000 0.000000
8 7 10 0.000000 0.000000 0.000000
8 8 0 0.989234 0.952578 0.952574
8 8 1 1.451637 1.454167 1.976951
8 8 2 1.671082 1.695814 1.726222
8 8 3 1.657002 1.949174 1.942752
8 8 4 1.662813 1.731296 1.709388
8 8 5 1.660058 1.917061 1.898965
8 8 6 1.710658 1.658845 1.701393
8 8 7 1.651495 1.655126 1.647542
8 8 8 1.656057 1.655703 1.654196
8 8 9 0.000000 0.000000 0.000000
8 8 10 0.000000 0.000000 0.000000
8 9 0 0.000000 0.000000 0.000000
8 9 1 0.000000 0.000000 0.000000
8 9 2 0.000000 0.000000 0.000000
8 9 3 0.000000 0.000000 0.000000
8 9 4 0.000000 0.000000 0.000000
8 9 5 0.000000 0.000000 0.000000
8 9 6 0.000000 0.000000 0.000000
8 9 7 0.000000 0.000000 0.000000
8 9 8 0.000000 0.000000 0.000000
8 9 9 0.000000 0.000000 0.000000
8 9 10 0.000000 0.000000 0.000000
8 10 0 0.000000 0.000000 0.000000
8 10 1 0.000000 0.000000 0.000000
8 10 2 0.000000 0.000000 0.000000
8 10 3 0.000000 0.000000 0.000000
8 10 4 0.000000 0.000000 0.000000
8 10 5 0.000000 0.000000 0.000000
8 10 6 0.000000 0.000000 0.000000
8 10 7 0.000000 0.000000 0.000000
8 10 8 0.000000 0.000000 0.000000
8 10 9 0.000000 0.000000 0.000000
8 10 10 0.000000 0.000000 0.000000
9 0 0 0.956703 0.997083 0.995424
9 0 1 0.996745 0.956689 0.997549
9 0 2 0.993499 0.999241 0.997541
9 0 3 0.953039 0.979436 0.993498
9 0 4 0.993321 0.956637 0.997158
9 0 5 0.982015 0.957016 0.952870
9 0 6 0.952945 0.956287 0.994437
9 0 7 0.982015 0.995976 0.982028
9 0 8 0.000000 0.000000 0.000000
9 0 9 0.000000 0.000000 0.000000
9 0 10 0.000000 0.000000 0.000000
9 1 0 0.982090 0.957296 0.996094
9 1 1 1.490824 1.481342 1.497107
9 1 2 1.491885 1.975623 1.498717
9 1 3 1.492916 1.864070 1.498314
9 1 4 1.479262 1.959622 1.452336
9 1 5 1.389307 1.846712 1.468563
9 1 6 1.379600 1.846945 1.479479
9 1 7 1.358941 1.883845 1.360654
9 1 8 0.000000 0.000000 0.000000
9 1 9 0.000000 0.000000 0.000000
9 1 10 0.000000 0.000000 0.000000
9 2 0 0.957243 0.994734 0.994883
9 2 1 1.453829 1.470887 1.927787
9 2 2 1.724370 1.934884 1.970191
9 2 3 1.969387 1.886992 1.882816
9 2 4 1.913661 1.858406 1.989797
9 2 5 1.958291 1.869818 1.821508
9 2 6 1.866883 1.951058 1.952094
9 2 7 1.831066 1.864752 1.847543
9 2 8 0.000000 0.000000 0.000000
9 2 9 0.000000 0.000000 0.000000
9 2 10 0.000000 0.000000 0.000000
9 3 0 0.995191 0.953041 0.957261
9 3 1 1.490013 1.470391 1.928651
9 3 2 1.910757 1.867945 1.973824
9 3 3 1.867005 1.855240 1.973639
9 3 4 1.967431 1.984554 1.848422
9 3 5 1.940348 1.979670 1.884012
9 3 6 1.923771 1.857722 1.916717
9 3 7 1.948015 1.848809 1.846669
9 3 8 0.000000 0.000000 0.000000
9 3 9 0.000000 0.000000 0.000000
9 3 10 0.000000 0.000000 0.000000
9 4 0 0.979479 0.952866 0.999906
9 4 1 1.379640 1.452701 1.971910
9 4 2 1.856560 1.848064 1.978306
9 4 3 1.983495 1.977788 1.972902
9 4 4 1.876810 1.863379 1.876224
9 4 5 1.972909 1.871106 1.873360
9 4 6 1.865006 1.861356 1.956574
9 4 7 1.850313 1.840171 1.835536
9 4 8 0.000000 0.000000 0.000000
9 4 9 0.000000 0.000000 0.000000
9 4 10 0.000000 0.000000 0.000000
9 5 0 0.993340 0.957085 0.999306
9 5 1 1.380790 1.497304 1.978848
9 5 2 1.852657 1.861076 1.875208
9 5 3 1.960849 1.972995 1.965336
9 5 4 1.873465 1.925573 1.917070
9 5 5 1.963911 1.859248 1.935135
9 5 6 1.856164 1.832714 1.923698
9 5 7 1.864446 1.851815 1.850006
9 5 8 0.000000 0.000000 0.000000
9 5 9 0.000000 0.000000 0.000000
9 5 10 0.000000 0.000000 0.000000
9 6 0 0.952868 0.953033 0.956546
9 6 1 1.492216 1.378106 1.927639
9 6 2 1.988608 1.875979 1.873280
9 6 3 1.869745 1.921394 1.863301
9 6 4 1.878222 1.973763 1.939617
9 6 5 1.872070 1.948476 1.948283
9 6 6 1.852928 1.933034 1.914857
9 6 7 1.839189 1.842112 1.832117
9 6 8 0.000000 0.000000 0.000000
9 6 9 0.000000 0.000000 0.000000
9 6 10 0.000000 0.000000 0.000000
9 7 0 0.997386 0.982014 0.982015
9 7 1 1.361073 1.464680 1.875296
9 7 2 1.851762 1.846418 1.839533
9 7 3 1.863508 1.845517 1.851689
9 7 4 1.854498 1.853661 1.857987
9 7 5 1.958683 1.845462 1.866591
9 7 6 1.840813 1.838843 1.829532
9 7 7 1.849998 1.846831 1.833088
9 7 8 0.000000 0.000000 0.000000
9 7 9 0.000000 0.000000 0.000000
9 7 10 0.000000 0.000000 0.000000
9 8 0 0.000000 0.000000 0.000000
9 8 1 0.000000 0.000000 0.000000
9 8 2 0.000000 0.000000 0.000000
9 8 3 0.000000 0.000000 0.000000
9 8 4 0.000000 0.000000 0.000000
9 8 5 0.000000 0.000000 0.000000
9 8 6 0.000000 0.000000 0.000000
9 8 7 0.000000 0.000000 0.000000
9 8 8 0.000000 0.000000 0.000000
9 8 9 0.000000 0.000000 0.000000
9 8 10 0.000000 0.000000 0.000000
9 9 0 0.000000 0.000000 0.000000
9 9 1 0.000000 0.000000 0.000000
9 9 2 0.000000 0.000000 0.000000
9 9 3 0.000000 0.000000 0.000000
9 9 4 0.000000 0.000000 0.000000
9 9 5 0.000000 0.000000 0.000000
9 9 6 0.000000 0.000000 0.000000
9 9 7 0.000000 0.000000 0.000000
9 9 8 0.000000 0.000000 0.000000
9 9 9 0.000000 0.000000 0.000000
9 9 10 0.000000 0.000000 0.000000
9 10 0 0.000000 0.000000 0.000000
9 10 1 0.000000 0.000000 0.000000
9 10 2 0.000000 0.000000 0.000000
9 10 3 0.000000 0.000000 0.000000
9 10 4 0.000000 0.000000 0.000000
9 10 5 0.000000 0.000000 0.000000
9 10 6 0.000000 0.000000 0.000000
9 10 7 0.000000 0.000000 0.000000
9 10 8 0.000000 0.000000 0.000000
9 10 9 0.000000 0.000000 0.000000
9 10 10 0.000000 0.000000 0.000000
10 0 0 0.000000 0.000000 0.000000
10 0 1 0.000000 0.000000 0.000000
10 0 2 0.000000 0.000000 0.000000
10 0 3 0.000000 0.000000 0.000000
10 0 4 0.000000 0.000000 0.000000
10 0 5 0.000000 0.000000 0.000000
10 0 6 0.000000 0.000000 0.000000
10 0 7 0.000000 0.000000 0.000000
10 0 8 0.000000 0.000000 0.000000
10 0 9 0.000000 0.000000 0.000000
10 0 10 0.000000 0.000000 0.000000
10 1 0 0.000000 0.000000 0.000000
10 1 1 0.000000 0.000000 0.000000
10 1 2 0.000000 0.000000 0.000000
10 1 3 0.000000 0.000000 0.000000
10 1 4 0.000000 0.000000 0.000000
10 1 5 0.000000 0.000000 0.000000
10 1 6 0.000000 0.000000 0.000000
10 1 7 0.000000 0.000000 0.000000
10 1 8 0.000000 0.000000 0.000000
10 1 9 0.000000 0.000000 0.000000
10 1 10 0.000000 0.000000 0.000000
10 2 0 0.000000 0.000000 0.000000
10 2 1 0.000000 0.000000 0.000000
10 2 2 0.000000 0.000000 0.000000
10 2 3 0.000000 0.000000 0.000000
10 2 4 0.000000 0.000000 0.000000
10 2 5 0.000000 0.000000 0.000000
10 2 6 0.000000 0.000000 0.000000
10 2 7 0.000000 0.000000 0.000000
10 2 8 0.000000 0.000000 0.000000
10 2 9 0.000000 0.000000 0.000000
10 2 10 0.000000 0.000000 0.000000
10 3 0 0.000000 0.000000 0.000000
10 3 1 0.000000 0.000000 0.000000
10 3 2 0.000000 0.000000 0.000000
10 3 3 0.000000 0.000000 0.000000
10 3 4 0.000000 0.000000 0.000000
10 3 5 0.000000 0.000000 0.000000
10 3 6 0.000000 0.000000 0.000000
10 3 7 0.000000 0.000000 0.000000
10 3 8 0.000000 0.000000 0.000000
10 3 9 0.000000 0.000000 0.000000
10 3 10 0.000000 0.000000 0.000000
10 4 0 0.000000 0.000000 0.000000
10 4 1 0.000000 0.000000 0.000000
10 4 2 0.000000 0.000000 0.000000
10 4 3 0.000000 0.000000 0.000000
10 4 4 0.000000 0.000000 0.000000
10 4 5 0.000000 0.000000 0.000000
10 4 6 0.000000 0.000000 0.000000
10 4 7 0.000000 0.000000 0.000000
10 4 8 0.000000 0.000000 0.000000
10 4 9 0.000000 0.000000 0.000000
10 4 10 0.000000 0.000000 0.000000
10 5 0 0.000000 0.000000 0.000000
10 5 1 0.000000 0.000000 0.000000
10 5 2 0.000000 0.000000 0.000000
10 5 3 0.000000 0.000000 0.000000
10 5 4 0.000000 0.000000 0.000000
10 5 5 0.000000 0.000000 0.000000
10 5 6 0.000000 0.000000 0.000000
10 5 7 0.000000 0.000000 0.000000
10 5 8 0.000000 0.000000 0.000000
10 5 9 0.000000 0.000000 0.000000
10 5 10 0.000000 0.000000 0.000000
10 6 0 0.000000 0.000000 0.000000
10 6 1 0.000000 0.000000 0.000000
10 6 2 0.000000 0.000000 0.000000
10 6 3 0.000000 0.000000 0.000000
10 6 4 0.000000 0.000000 0.000000
10 6 5 0.000000 0.000000 0.000000
10 6 6 0.000000 0.000000 0.000000
10 6 7 0.000000 0.000000 0.000000
10 6 8 0.000000 0.000000 0.000000
10 6 9 0.000000 0.000000 0.000000
10 6 10 0.000000 0.000000 0.000000
10 7 0 0.000000 0.000000 0.000000
10 7 1 0.000000 0.000000 0.000000
10 7 2 0.000000 0.000000 0.000000
10 7 3 0.000000 0.000000 0.000000
10 7 4 0.000000 0.000000 0.000000
10 7 5 0.000000 0.000000 0.000000
10 7 6 0.000000 0.000000 0.000000
10 7 7 0.000000 0.000000 0.000000
10 7 8 0.000000 0.000000 0.000000
10 7 9 0.000000 0.000000 0.000000
10 7 10 0.000000 0.000000 0.000000
10 8 0 0.000000 0.000000 0.000000
10 8 1 0.000000 0.000000 0.000000
10 8 2 0.000000 0.000000 0.000000
10 8 3 0.000000 0.000000 0.000000
10 8 4 0.000000 0.000000 0.000000
10 8 5 0.000000 0.000000 0.000000
10 8 6 0.000000 0.000000 0.000000
10 8 7 0.000000 0.000000 0.000000
10 8 8 0.000000 0.000000 0.000000
10 8 9 0.000000 0.000000 0.000000
10 8 10 0.000000 0.000000 0.000000
10 9 0 0.000000 0.000000 0.000000
10 9 1 0.000000 0.000000 0.000000
10 9 2 0.000000 0.000000 0.000000
10 9 3 0.000000 0.000000 0.000000
10 9 4 0.000000 0.000000 0.000000
10 9 5 0.000000 0.000000 0.000000
10 9 6 0.000000 0.000000 0.000000
10 9 7 0.000000 0.000000 0.000000
10 9 8 0.000000 0.000000 0.000000
10 9 9 0.000000 0.000000 0.000000
10 9 10 0.000000 0.000000 0.000000
10 10 0 0.000000 0.000000 0.000000
10 10 1 0.000000 0.000000 0.000000
10 10 2 0.000000 0.000000 0.000000
10 10 3 0.000000 0.000000 0.000000
10 10 4 0.000000 0.000000 0.000000
10 10 5 0.000000 0.000000 0.000000
10 10 6 0.000000 0.000000 0.000000
10 10 7 0.000000 0.000000 0.000000
10 10 8 0.000000 0.000000 0.000000
10 10 9 0.000000 0.000000 0.000000
10 10 10 0.000000 0.000000 0.000000
